Total number of articles: 0
Total number of unique articles: 2457
Diversity of article formats in HTML:
[]
************ Most common words in text feature **********************
               ROOT    acl  advcl  advmod   amod  appos    aux   case   cc  ccomp  compound  compound:prt  conj    cop  csubj  dep    det  det:nummod  expl:pv  fixed  flat  iobj  mark   nmod  nsubj  nummod    obj    obl  parataxis  punct  xcomp     sum
auto          133.0    2.0    0.0     0.0    5.0   12.0    0.0    0.0  0.0    0.0      15.0           1.0  11.0    0.0    0.0  7.0    0.0         0.0      0.0    0.0   0.0   2.0   8.0  373.0  658.0     0.0  420.0  349.0        0.0    0.0    4.0  2000.0
ongeval        32.0    0.0    0.0     0.0    7.0    3.0    0.0    0.0  0.0    0.0      16.0           1.0   2.0    0.0    0.0  5.0    0.0         0.0      0.0    0.0   0.0   1.0   5.0  277.0  298.0     0.0   58.0  587.0        0.0    0.0    2.0  1294.0
aanrijding     55.0    0.0    0.0    20.0   16.0    1.0    1.0    0.0  0.0    0.0       5.0           3.0   3.0    0.0    0.0  1.0    0.0         0.0      0.0    0.0   0.0   0.0  58.0  373.0  245.0     0.0  118.0  274.0        1.0    0.0    0.0  1174.0
ongeluk        33.0    0.0    0.0     0.0    0.0   13.0    0.0    0.0  0.0    0.0      24.0           1.0   3.0    0.0    0.0  2.0    0.0         0.0      0.0    0.0   3.0   1.0   1.0  398.0  261.0     0.0   78.0  307.0        0.0    0.0    0.0  1125.0
botsing        93.0    5.0    0.0     0.0   16.0    1.0    0.0    5.0  0.0    0.0      16.0          55.0   2.0    0.0    0.0  2.0    0.0         0.0      0.0    0.0   0.0   0.0   5.0  236.0  309.0     0.0  169.0  120.0        0.0    0.0    1.0  1035.0
politie        26.0    0.0    0.0     0.0    0.0    2.0    0.0    0.0  0.0    0.0       0.0           0.0   1.0    0.0    0.0  0.0    0.0         0.0      0.0    0.0   0.0   2.0   0.0  151.0  529.0     0.0  112.0  132.0        0.0    0.0    0.0   955.0
twee            0.0    0.0    0.0     0.0    0.0    1.0    0.0    0.0  0.0    0.0       8.0           0.0   0.0    0.0    0.0  0.0    0.0         0.0      0.0    0.0   0.0   0.0   0.0    0.0    0.0   941.0    0.0    4.0        0.0    0.0    0.0   954.0
uur             5.0    0.0    0.0     0.0    0.0    0.0    0.0    0.0  0.0    0.0      97.0           0.0   1.0    0.0    0.0  2.0    0.0         0.0      0.0    0.0  13.0   0.0   1.0  126.0    4.0     0.0    1.0  642.0        0.0    0.0    0.0   892.0
gewond        186.0  202.0  241.0    11.0  100.0    0.0    4.0    0.0  0.0    5.0       0.0           0.0  35.0    4.0    0.0  1.0    0.0         0.0      0.0    0.0   0.0   0.0   0.0    0.0    0.0     0.0    1.0   46.0        7.0    0.0    9.0   852.0
man            71.0    0.0    0.0     1.0    0.0   17.0    0.0    0.0  0.0    0.0      20.0           0.0   0.0    0.0    0.0  0.0    0.0         0.0      0.0    0.0   0.0   0.0   1.0  137.0  351.0     0.0   23.0  222.0        0.0    0.0    5.0   848.0
ziekenhuis     15.0    0.0    0.0     0.0    1.0    8.0    0.0    0.0  0.0    0.0       9.0          88.0   0.0    0.0    0.0  0.0    0.0         0.0      0.0    0.0   0.0   1.0   0.0  115.0  125.0     0.0  119.0  269.0        0.0    0.0    0.0   750.0
aangereden    183.0  310.0   71.0     1.0    0.0    0.0   22.0    0.0  0.0    9.0       0.0           0.0  15.0    4.0    6.0  0.0    0.0         0.0      0.0    0.0   0.0   0.0   0.0    0.0    0.0     0.0    0.0    1.0        4.0    0.0   12.0   638.0
vrouw          23.0    0.0    0.0     1.0    7.0   38.0    0.0    0.0  0.0    0.0      32.0           0.0   8.0    1.0    0.0  0.0    0.0         0.0      0.0    0.0   2.0   1.0   0.0  106.0  283.0     0.0   63.0   65.0        0.0    0.0    1.0   631.0
kwam          400.0   54.0   29.0     0.0    0.0    0.0   19.0    3.0  0.0    6.0       0.0           0.0  48.0   24.0    3.0  0.0    0.0         0.0      0.0    0.0   0.0   0.0   0.0    3.0    0.0     0.0    0.0    1.0        4.0    0.0    4.0   598.0
geraakt        23.0  195.0    3.0     1.0    0.0    0.0   12.0    0.0  0.0    2.0       5.0           0.0   6.0  323.0    0.0  1.0    0.0         0.0      0.0    0.0   0.0   0.0   0.0   22.0    1.0     0.0    0.0    2.0        0.0    0.0    0.0   596.0
rond            0.0    0.0    0.0    11.0    0.0    0.0    0.0  547.0  0.0    0.0       1.0           3.0   0.0    0.0    0.0  0.0    0.0         0.0      0.0    0.0   0.0   0.0   2.0    0.0    0.0     0.0    0.0    0.0        0.0    0.0    0.0   564.0
tussen          0.0    0.0    0.0     1.0    0.0    0.0    0.0  541.0  0.0    0.0       7.0           1.0   0.0    0.0    0.0  0.0    0.0         0.0      0.0    0.0   0.0   0.0   5.0    0.0    0.0     0.0    1.0    0.0        0.0    0.0    0.0   556.0
geschept       33.0  447.0   53.0     0.0    0.0    0.0    1.0    0.0  0.0   11.0       0.0           0.0   1.0    0.0    0.0  0.0    0.0         0.0      0.0    0.0   0.0   0.0   0.0    0.0    2.0     0.0    0.0    4.0        2.0    0.0    0.0   554.0
raakte        122.0  126.0   10.0     8.0    3.0    0.0   61.0   26.0  0.0    3.0       0.0           0.0  27.0  115.0    0.0  0.0    0.0         0.0      0.0    0.0   0.0   0.0   0.0    1.0    0.0     0.0    0.0    7.0        2.0    0.0    0.0   511.0
gebeurde      257.0  104.0   46.0     0.0    0.0    0.0   33.0    0.0  0.0   26.0       0.0           0.0  14.0   10.0    3.0  0.0    0.0         0.0      0.0    0.0   0.0   0.0   0.0    0.0    1.0     0.0    0.0    0.0        2.0    0.0    8.0   504.0
fietser         2.0    0.0    0.0     0.0   31.0    7.0    0.0    0.0  0.0    0.0      13.0           0.0   2.0    0.0    0.0  1.0    2.0         0.0      0.0    0.0   0.0   1.0   0.0    7.0   58.0     7.0  130.0  242.0        0.0    0.0    0.0   503.0
ter             0.0    1.0    0.0    52.0    0.0    0.0    0.0  356.0  1.0    0.0       0.0          64.0   0.0    0.0    0.0  0.0    0.0         0.0      0.0    0.0   0.0   0.0  10.0   15.0    0.0     0.0    0.0    0.0        0.0    0.0    0.0   499.0
richting       42.0    0.0    0.0     2.0    0.0    1.0    0.0    0.0  0.0    0.0       3.0           0.0   1.0    0.0    0.0  0.0    0.0         0.0      0.0    0.0   0.0   2.0   5.0  203.0   92.0     0.0   23.0  120.0        0.0    0.0    2.0   496.0
automobilist   29.0    1.0    0.0     3.0   11.0    0.0    0.0    1.0  0.0    0.0       0.0           0.0   0.0    0.0    0.0  1.0    0.0         0.0      0.0    0.0   0.0   0.0   7.0  131.0  198.0     0.0   19.0   90.0        0.0    0.0    0.0   491.0
bestuurder      5.0    3.0    0.0     0.0  196.0   13.0    0.0    0.0  0.0    0.0       0.0           0.0   3.0    0.0    0.0  0.0    0.0         0.0      0.0    0.0   0.0   0.0   3.0   32.0   83.0     0.0    3.0  142.0        0.0    0.0    1.0   484.0
weg             6.0    0.0    0.0   100.0    1.0    0.0    0.0   28.0  0.0    0.0      48.0         189.0   0.0    0.0    0.0  1.0    0.0         0.0      0.0    0.0   0.0   0.0   1.0   15.0    5.0     0.0   50.0   28.0        0.0    0.0    0.0   472.0
reed          196.0  138.0   10.0     0.0    5.0    0.0    1.0    2.0  0.0    8.0       0.0           0.0  24.0    2.0    6.0  2.0    0.0         0.0      0.0    0.0   0.0   0.0   0.0    1.0    5.0     0.0    6.0    7.0       10.0    0.0   31.0   454.0
slachtoffer     2.0    1.0    0.0     0.0   49.0    1.0    0.0    0.0  0.0    0.0       4.0           0.0   2.0    0.0    0.0  0.0    0.0         0.0      0.0    0.0   0.0   0.0   0.0   26.0  214.0     0.0   43.0   57.0        0.0    0.0    2.0   401.0
volgens         0.0    0.0    0.0    13.0    0.0    0.0    0.0  332.0  0.0    0.0       1.0           3.0   0.0    0.0    0.0  0.0    0.0         0.0      0.0    0.0   0.0   0.0   1.0    1.0    0.0     0.0    0.0    0.0        0.0    0.0    0.0   351.0
betrokken      53.0  226.0   25.0     0.0    0.0    0.0    2.0    1.0  0.0    4.0       0.0           0.0   9.0    0.0    0.0  0.0    0.0         0.0      0.0    0.0   0.0   0.0   0.0    0.0    0.0     0.0    0.0    8.0        0.0    0.0    1.0   329.0
drie            0.0    0.0    0.0     0.0    0.0    0.0    0.0    0.0  0.0    0.0       9.0           0.0   0.0    0.0    0.0  0.0    0.0         0.0      0.0    0.0   0.0   0.0   0.0    0.0    1.0   312.0    0.0    3.0        0.0    0.0    0.0   325.0
gebracht       72.0  156.0   31.0     0.0    0.0    0.0   11.0    0.0  0.0   11.0       0.0           0.0  16.0    4.0    1.0  0.0    0.0         0.0      0.0    0.0   0.0   0.0   0.0    0.0    0.0     0.0    0.0    0.0        1.0    1.0    7.0   311.0
kruising       13.0    0.0    0.0     0.0    0.0    1.0    0.0    1.0  0.0    0.0       6.0           1.0   0.0    0.0    0.0  2.0    0.0         0.0      0.0    0.0   1.0   0.0   0.0   56.0   49.0     0.0   81.0   74.0        0.0    0.0    0.0   285.0
plaats          1.0    1.0    0.0    24.0    0.0    0.0    0.0   31.0  3.0    0.0       9.0         155.0   0.0    0.0    0.0  0.0    0.0         2.0      0.0    0.0   0.0   0.0   0.0    9.0    2.0     0.0   25.0   13.0        0.0    0.0    0.0   275.0
verkeer        10.0    0.0    0.0     0.0    1.0    6.0    0.0    0.0  0.0    0.0       0.0           0.0   0.0    0.0    0.0  0.0    0.0         0.0      0.0    0.0   0.0   0.0   0.0   33.0  201.0     0.0    6.0   18.0        0.0    0.0    0.0   275.0
jaar            4.0    0.0    0.0     0.0    1.0    0.0    0.0    0.0  0.0    0.0       0.0           0.0   0.0    0.0    0.0  0.0    0.0         0.0      0.0    0.0   0.0   0.0   0.0   39.0    0.0     0.0    2.0  227.0        0.0    0.0    0.0   273.0
hoogte          0.0    0.0    0.0     0.0    0.0    0.0    0.0    0.0  0.0    0.0     199.0           0.0   0.0    0.0    0.0  0.0    0.0         0.0      0.0    0.0   0.0   0.0   4.0   44.0    2.0     0.0    0.0   17.0        0.0    0.0    0.0   266.0
onderzoek       5.0    0.0    0.0     0.0    4.0    3.0    0.0    0.0  0.0    0.0       0.0           0.0   3.0    0.0    0.0  2.0    0.0         0.0      0.0    0.0   0.0   0.0   0.0   29.0   67.0     0.0  124.0   21.0        0.0    0.0    0.0   258.0
afgesloten     28.0  162.0   32.0     0.0    0.0    0.0    5.0    0.0  0.0   14.0       0.0           0.0   3.0    2.0    0.0  0.0    0.0         0.0      0.0    0.0   0.0   0.0   0.0    0.0    0.0     0.0    0.0    1.0        0.0    0.0    1.0   248.0
den             4.0    0.0    0.0     1.0   10.0    9.0    0.0   17.0  2.0    0.0      28.0           0.0   1.0    0.0    0.0  1.0  107.0         0.0      0.0    0.0  23.0   0.0   1.0    3.0   35.0     0.0    4.0    0.0        0.0    0.0    0.0   246.0
deel           21.0    0.0    0.0     7.0   16.0    2.0    0.0    0.0  0.0    0.0       1.0           5.0   0.0    0.0    0.0  1.0    0.0         0.0      0.0    0.0   0.0   0.0   0.0    5.0    3.0     0.0    1.0  181.0        0.0    0.0    0.0   243.0
leven          10.0    0.0    0.0     0.0    0.0    0.0    0.0    0.0  0.0    0.0      13.0          51.0   1.0    0.0    0.0  0.0    0.0         0.0      0.0    0.0   0.0   0.0   0.0   73.0   17.0     0.0   30.0   34.0        0.0    0.0    5.0   234.0
ambulance       0.0    0.0    0.0     0.0    0.0    1.0    0.0    0.0  0.0    0.0       1.0           0.0   0.0    0.0    0.0  0.0    0.0         0.0      0.0    0.0   0.0   0.0   0.0  138.0    8.0     0.0    0.0   82.0        0.0    0.0    0.0   230.0
weer            0.0    0.0    0.0   227.0    0.0    0.0    0.0    0.0  0.0    0.0       2.0           0.0   0.0    0.0    0.0  0.0    0.0         0.0      0.0    0.0   0.0   0.0   0.0    0.0    0.0     0.0    0.0    0.0        0.0    0.0    0.0   229.0
mensen          7.0    0.0    0.0     0.0    0.0    0.0    0.0    0.0  0.0    0.0       0.0           0.0   0.0    0.0    0.0  0.0    0.0         0.0      0.0    0.0   0.0   0.0   0.0   34.0  111.0     0.0   56.0   16.0        0.0    0.0    0.0   224.0
gekomen        74.0  110.0   12.0     0.0    0.0    0.0    2.0    0.0  0.0    7.0       0.0           0.0   4.0    2.0    4.0  0.0    0.0         0.0      0.0    0.0   0.0   0.0   0.0    2.0    0.0     0.0    0.0    1.0        1.0    0.0    2.0   221.0
werden          3.0    0.0    0.0     0.0    0.0    0.0  211.0    0.0  0.0    0.0       0.0           0.0   0.0    6.0    0.0  0.0    0.0         0.0      0.0    0.0   0.0   0.0   0.0    0.0    0.0     0.0    0.0    0.0        0.0    0.0    0.0   220.0
artikel        37.0    4.0    0.0     0.0    0.0   89.0    0.0    2.0  0.0    0.0       0.0           1.0   0.0    0.0    0.0  0.0    0.0         2.0      0.0    0.0   0.0   1.0   0.0    8.0    1.0     0.0   13.0   59.0        0.0    0.0    1.0   218.0
overgebracht   59.0   72.0   18.0     3.0    0.0    0.0    8.0    0.0  0.0    8.0       0.0           0.0  13.0    3.0    1.0  0.0    0.0         0.0      0.0    0.0   0.0   0.0   0.0    2.0    1.0     0.0    2.0    0.0        5.0    0.0   15.0   210.0
moest         132.0    2.0   15.0     0.0    0.0    0.0   10.0    0.0  0.0    3.0       0.0           0.0  27.0    1.0    2.0  0.0    0.0         0.0      0.0    0.0   0.0   0.0   0.0    0.0    0.0     0.0    0.0    0.0        7.0    0.0    9.0   208.0

auto: 2000.0
vrachtwagen: 178.0
motorrijder: 100.0
trein: 70.0
fiets: 181.0
fietser: 503.0
gewonden: 165.0
man: 848.0
vrouw: 631.0
dode: 41.0
automobilist: 491.0
fietsster: 130.0
gewonde: 59.0
bestuurder: 484.0
voetganger: 87.0
jongen: 133.0
************ Most common words in title feature **********************
               ROOT    acl  advcl  advmod  amod  appos  aux  case   cc  ccomp  compound  compound:prt  conj   cop  csubj  dep  det  det:nummod  expl:pv  flat  iobj  mark   nmod  nsubj  nummod   obj    obl  parataxis  xcomp    sum
ongeval        92.0    0.0    0.0     0.0   3.0    1.0  0.0   0.0  0.0    0.0      14.0           0.0   0.0   0.0    0.0  4.0  0.0         0.0      0.0   0.0   0.0   0.0   74.0   88.0     0.0  15.0  176.0        0.0    0.0  467.0
aanrijding    121.0    0.0    0.0     3.0   5.0    1.0  0.0   0.0  0.0    0.0       2.0           1.0   1.0   0.0    0.0  4.0  0.0         0.0      0.0   0.0   1.0   6.0  117.0   50.0     0.0  44.0   73.0        0.0    0.0  429.0
botsing       120.0    0.0    0.0     0.0   6.0    1.0  0.0   3.0  0.0    0.0       1.0           2.0   0.0   0.0    0.0  9.0  0.0         0.0      0.0   0.0   0.0   1.0   66.0  102.0     0.0  55.0   33.0        0.0    0.0  399.0
ongeluk        59.0    0.0    0.0     0.0   1.0    4.0  0.0   0.0  0.0    0.0      13.0           0.0   0.0   0.0    0.0  2.0  0.0         0.0      0.0   0.0   0.0   0.0   84.0   69.0     0.0   9.0   69.0        0.0    0.0  310.0
auto           40.0    0.0    0.0     0.0   0.0    3.0  0.0   0.0  0.0    0.0       2.0           0.0   0.0   0.0    0.0  6.0  0.0         0.0      0.0   0.0   0.0   0.0   73.0  110.0     0.0  36.0   18.0        0.0    0.0  288.0
aangereden    142.0   68.0   22.0     0.0   0.0    0.0  6.0   0.0  0.0    0.0       0.0           0.0   2.0   3.0    0.0  0.0  0.0         0.0      0.0   0.0   0.0   0.0    0.0    0.0     0.0   0.0    0.0        1.0    2.0  246.0
gewond         61.0   71.0   20.0     0.0  53.0    0.0  0.0   0.0  0.0    1.0       0.0           0.0   2.0   0.0    0.0  2.0  0.0         0.0      0.0   0.0   0.0   0.0    0.0    0.0     0.0   0.0    0.0        2.0    0.0  212.0
fietser         2.0    0.0    0.0     0.0   5.0    1.0  0.0   0.0  0.0    0.0       0.0           0.0   0.0   0.0    0.0  0.0  1.0         0.0      0.0   0.0   0.0   0.0    2.0   63.0     1.0  35.0   65.0        0.0    0.0  175.0
twee            0.0    0.0    0.0     0.0   0.0    1.0  0.0   0.0  0.0    0.0       0.0           0.0   0.0   0.0    0.0  0.0  0.0         0.0      0.0   0.0   0.0   0.0    0.0    0.0   168.0   0.0    0.0        0.0    0.0  169.0
gewonden       29.0  111.0    5.0     0.0   0.0    0.0  1.0   0.0  0.0    0.0       0.0           0.0   1.0   0.0    2.0  0.0  0.0         0.0      0.0   0.0   0.0   0.0    0.0    0.0     0.0   0.0    0.0        0.0    1.0  150.0
geschept       38.0   71.0    5.0     0.0   0.0    0.0  0.0   0.0  0.0    0.0       0.0           0.0   0.0   0.0    0.0  0.0  0.0         0.0      0.0   0.0   0.0   0.0    0.0    1.0     0.0   0.0    0.0        0.0    0.0  115.0
man            11.0    0.0    0.0     1.0   0.0    1.0  0.0   0.0  0.0    0.0       0.0           0.0   0.0   0.0    0.0  1.0  0.0         0.0      0.0   0.0   0.0   0.0    9.0   62.0     0.0   2.0   16.0        0.0    0.0  103.0
vrouw           8.0    0.0    0.0     0.0   1.0    1.0  0.0   0.0  0.0    0.0       0.0           0.0   0.0   1.0    0.0  0.0  0.0         0.0      0.0   0.0   0.0   0.0    4.0   66.0     0.0   3.0   11.0        0.0    0.0   95.0
dodelijk        1.0    0.0    0.0     0.0  76.0    0.0  0.0   0.0  0.0    0.0       0.0           0.0   0.0   0.0    0.0  0.0  0.0         0.0      0.0   0.0   0.0   0.0    0.0    0.0     0.0   0.0   18.0        0.0    0.0   95.0
overleden      21.0   70.0    2.0     0.0   0.0    0.0  0.0   0.0  0.0    0.0       0.0           0.0   0.0   1.0    0.0  0.0  0.0         0.0      0.0   0.0   0.0   0.0    0.0    0.0     0.0   0.0    0.0        0.0    0.0   94.0
dode           38.0    0.0    0.0     0.0   5.0    0.0  0.0   0.0  0.0    0.0       2.0           0.0   0.0   0.0    0.0  0.0  0.0         0.0      0.0   0.0   0.0   0.0    5.0    8.0     0.0   2.0   28.0        0.0    0.0   88.0
rijdt          63.0    0.0    3.0     0.0   0.0    0.0  2.0   1.0  0.0    0.0       0.0           0.0   0.0   7.0    0.0  0.0  0.0         0.0      0.0   0.0   0.0   0.0    0.0    0.0     0.0   0.0    0.0        1.0    0.0   77.0
2              10.0    0.0    0.0     0.0   0.0   37.0  0.0   0.0  0.0    0.0       4.0           0.0   0.0   0.0    0.0  0.0  0.0         0.0      0.0   0.0   0.0   0.0    0.0   12.0     9.0   1.0    3.0        0.0    0.0   76.0
tussen          0.0    0.0    0.0     0.0   0.0    0.0  0.0  71.0  0.0    0.0       1.0           0.0   0.0   0.0    0.0  0.0  0.0         0.0      0.0   0.0   0.0   2.0    0.0    0.0     0.0   0.0    0.0        0.0    0.0   74.0
doden           8.0   30.0    0.0     1.0   1.0    0.0  0.0   0.0  0.0    0.0       0.0           0.0   2.0   0.0    1.0  0.0  0.0         0.0      0.0   0.0   0.0   0.0    0.0   20.0     0.0  10.0    0.0        0.0    0.0   73.0
dicht          20.0    1.0    0.0    25.0   2.0    0.0  0.0  14.0  0.0    0.0       0.0           6.0   0.0   0.0    0.0  0.0  0.0         0.0      0.0   0.0   0.0   0.0    2.0    0.0     0.0   1.0    1.0        0.0    0.0   72.0
automobilist   13.0    1.0    0.0     1.0   1.0    0.0  0.0   0.0  0.0    0.0       0.0           0.0   0.0   0.0    0.0  0.0  0.0         0.0      0.0   0.0   0.0   0.0    5.0   42.0     0.0   1.0    6.0        0.0    0.0   70.0
fietsster       2.0    0.0    0.0     0.0   0.0    0.0  0.0   0.0  0.0    0.0       0.0           0.0   0.0   0.0    0.0  1.0  0.0         0.0      0.0   0.0   0.0   0.0    2.0   64.0     0.0   1.0    0.0        0.0    0.0   70.0
file            5.0    0.0    0.0     0.0  34.0    0.0  0.0   0.0  0.0    0.0       0.0           0.0   0.0   0.0    0.0  0.0  0.0         0.0      0.0   0.0   0.0   0.0    3.0    1.0     0.0   8.0   13.0        0.0    0.0   64.0
weer            0.0    0.0    0.0    60.0   0.0    0.0  0.0   0.0  0.0    0.0       0.0           0.0   0.0   0.0    0.0  0.0  0.0         0.0      0.0   0.0   0.0   0.0    0.0    0.0     0.0   0.0    0.0        0.0    0.0   60.0
drie            0.0    0.0    0.0     0.0   0.0    0.0  0.0   0.0  0.0    0.0       0.0           0.0   0.0   0.0    0.0  0.0  0.0         0.0      0.0   0.0   0.0   0.0    0.0    0.0    59.0   0.0    0.0        0.0    0.0   59.0
zwaargewond    40.0    0.0    0.0     0.0   0.0    0.0  1.0   0.0  0.0    0.0       0.0           0.0   0.0   3.0    0.0  0.0  0.0         0.0      0.0   0.0   0.0   0.0    5.0    0.0     0.0   2.0    0.0        0.0    2.0   53.0
frontale        0.0    0.0    0.0     0.0  52.0    0.0  0.0   0.0  0.0    0.0       0.0           0.0   0.0   0.0    0.0  0.0  0.0         0.0      0.0   0.0   0.0   0.0    0.0    0.0     0.0   0.0    0.0        0.0    0.0   52.0
ernstig         1.0    0.0    0.0     0.0  29.0    0.0  0.0   0.0  0.0    0.0       0.0           0.0   0.0   0.0    0.0  0.0  0.0         0.0      0.0   0.0   0.0   0.0    0.0    0.0     0.0   0.0   20.0        0.0    0.0   50.0
weg             1.0    0.0    0.0    14.0   0.0    0.0  0.0   4.0  0.0    0.0       4.0          10.0   0.0   0.0    0.0  5.0  0.0         0.0      0.0   0.0   0.0   0.0    1.0    0.0     0.0   9.0    0.0        0.0    0.0   48.0
politie         1.0    0.0    0.0     0.0   0.0    0.0  0.0   0.0  0.0    0.0       0.0           0.0   0.0   0.0    0.0  0.0  0.0         0.0      0.0   0.0   0.0   0.0    3.0   42.0     0.0   2.0    0.0        0.0    0.0   48.0
eindhoven      13.0   11.0    0.0     0.0   0.0    0.0  0.0   0.0  0.0    0.0       0.0           0.0   0.0   0.0    0.0  0.0  0.0         0.0      0.0   0.0   0.0   0.0    3.0    8.0     0.0   1.0    4.0        0.0    3.0   43.0
gewonde         1.0   41.0    1.0     0.0   0.0    0.0  0.0   0.0  0.0    0.0       0.0           0.0   0.0   0.0    0.0  0.0  0.0         0.0      0.0   0.0   0.0   0.0    0.0    0.0     0.0   0.0    0.0        0.0    0.0   43.0
bestuurder      5.0    1.0    0.0     0.0   2.0    0.0  0.0   0.0  0.0    0.0       1.0           0.0   0.0   0.0    0.0  0.0  0.0         0.0      0.0   0.0   0.0   0.0    6.0   17.0     0.0   0.0   10.0        0.0    0.0   42.0
meisje          3.0    0.0    0.0     0.0   0.0    2.0  0.0   0.0  0.0    0.0       0.0           0.0   0.0   0.0    0.0  0.0  0.0         0.0      0.0   0.0   0.0   0.0    1.0   14.0     0.0   9.0   13.0        0.0    0.0   42.0
ziekenhuis      5.0    0.0    0.0     0.0   0.0    4.0  0.0   0.0  0.0    0.0       0.0           2.0   0.0   0.0    0.0  0.0  0.0         0.0      0.0   0.0   0.0   0.0   15.0    8.0     0.0   3.0    4.0        0.0    0.0   41.0
dood            6.0    3.0    0.0     0.0  17.0    0.0  0.0   0.0  0.0    0.0       2.0           0.0   1.0   1.0    0.0  0.0  0.0         0.0      0.0   1.0   0.0   0.0    1.0    0.0     0.0   2.0    7.0        0.0    0.0   41.0
breda           1.0    0.0    0.0     0.0   2.0    4.0  0.0   0.0  0.0    0.0       0.0           0.0   0.0   0.0    0.0  1.0  0.0         0.0      0.0   0.0   0.0   0.0   18.0    6.0     0.0   3.0    6.0        0.0    0.0   41.0
komt           25.0    7.0    1.0     0.0   0.0    0.0  0.0   0.0  0.0    2.0       0.0           0.0   0.0   6.0    0.0  0.0  0.0         0.0      0.0   0.0   0.0   0.0    0.0    0.0     0.0   0.0    0.0        0.0    0.0   41.0
vier            0.0    0.0    0.0     0.0   0.0    0.0  0.0   0.0  0.0    0.0       0.0           0.0   0.0   0.0    0.0  0.0  0.0         0.0      0.0   0.0   0.0   0.0    0.0    1.0    40.0   0.0    0.0        0.0    0.0   41.0
voetganger      0.0    0.0    0.0     0.0  13.0    0.0  0.0   0.0  0.0    0.0       0.0           0.0   0.0   0.0    0.0  0.0  0.0         0.0      0.0   0.0   0.0   0.0    0.0    0.0     0.0   0.0   27.0        0.0    0.0   40.0
richting        9.0    0.0    0.0     0.0   0.0    0.0  0.0   0.0  0.0    0.0       2.0           0.0   0.0   0.0    0.0  0.0  0.0         0.0      0.0   0.0   0.0   2.0   12.0    8.0     0.0   1.0    4.0        0.0    0.0   38.0
vrachtwagen    23.0   11.0    1.0     0.0   0.0    1.0  0.0   0.0  0.0    0.0       0.0           0.0   0.0   0.0    0.0  0.0  0.0         0.0      0.0   0.0   0.0   0.0    0.0    1.0     0.0   1.0    0.0        0.0    0.0   38.0
motorrijder     6.0    0.0    0.0     1.0   0.0    0.0  0.0   0.0  0.0    0.0       0.0           0.0   0.0   0.0    0.0  0.0  0.0         0.0      0.0   0.0   0.0   0.0    1.0   19.0     0.0   0.0   10.0        0.0    0.0   37.0
afgesloten     12.0   22.0    1.0     0.0   0.0    0.0  0.0   0.0  0.0    0.0       0.0           0.0   0.0   0.0    0.0  0.0  0.0         0.0      0.0   0.0   0.0   0.0    0.0    0.0     0.0   0.0    0.0        0.0    1.0   36.0
zoekt          29.0    0.0    1.0     0.0   0.0    0.0  0.0   0.0  0.0    0.0       0.0           0.0   0.0   0.0    0.0  0.0  0.0         0.0      0.0   0.0   0.0   0.0    0.0    0.0     0.0   0.0    0.0        1.0    1.0   32.0
raakt          11.0    0.0    0.0     0.0   0.0    0.0  3.0   0.0  0.0    0.0       0.0           0.0   0.0  16.0    0.0  0.0  0.0         0.0      0.0   0.0   0.0   0.0    2.0    0.0     0.0   0.0    0.0        0.0    0.0   32.0
rotonde         9.0   16.0    6.0     0.0   0.0    0.0  0.0   0.0  0.0    0.0       0.0           0.0   0.0   1.0    0.0  0.0  0.0         0.0      0.0   0.0   0.0   0.0    0.0    0.0     0.0   0.0    0.0        0.0    0.0   32.0
jongen          4.0    0.0    0.0     0.0   0.0    0.0  0.0   0.0  0.0    0.0       0.0           0.0   0.0   0.0    0.0  0.0  0.0         0.0      0.0   0.0   0.0   0.0    2.0   25.0     0.0   0.0    0.0        0.0    0.0   31.0
trein           8.0    0.0    0.0     0.0   0.0    0.0  0.0   0.0  0.0    0.0       0.0           0.0   0.0   0.0    0.0  0.0  0.0         0.0      0.0   0.0   0.0   0.0    7.0    7.0     0.0   8.0    0.0        0.0    0.0   30.0

auto: 288.0
vrachtwagen: 38.0
motorrijder: 37.0
trein: 30.0
fiets: 16.0
fietser: 175.0
gewonden: 150.0
man: 103.0
vrouw: 95.0
dode: 88.0
automobilist: 70.0
fietsster: 70.0
gewonde: 43.0
bestuurder: 42.0
voetganger: 40.0
jongen: 31.0
{   ('auto', 'ROOT'): [   ('vrouw', 'nsubj'),
                          ('fietser', 'obj'),
                          ('fietser', 'obj'),
                          ('fietser', 'obj'),
                          ('fietser', 'obj'),
                          ('fietser', 'obl'),
                          ('vrouw', 'nsubj'),
                          ('man', 'obl'),
                          ('vrouw', 'appos'),
                          ('fietser', 'obj'),
                          ('vrouw', 'nsubj'),
                          ('vrouw', 'nsubj'),
                          ('vrouw', 'nsubj'),
                          ('man', 'ROOT'),
                          ('man', 'nsubj'),
                          ('vrouw', 'nmod'),
                          ('fietser', 'amod'),
                          ('fietser', 'nummod'),
                          ('fietser', 'obl'),
                          ('fietser', 'obl'),
                          ('fietser', 'obl'),
                          ('man', 'obl'),
                          ('fietser', 'amod'),
                          ('fietser', 'obl'),
                          ('fietser', 'obj'),
                          ('fietser', 'obj'),
                          ('fietser', 'obl'),
                          ('fietser', 'iobj'),
                          ('fietser', 'amod'),
                          ('vrouw', 'nsubj'),
                          ('fietser', 'obl'),
                          ('man', 'nsubj'),
                          ('fietser', 'obl'),
                          ('vrouw', 'obj'),
                          ('man', 'obl'),
                          ('fietser', 'obj'),
                          ('fietser', 'obl'),
                          ('man', 'obl'),
                          ('vrouw', 'ROOT'),
                          ('vrouw', 'obl'),
                          ('vrouw', 'obl'),
                          ('vrouw', 'nmod'),
                          ('vrouw', 'nsubj'),
                          ('vrouw', 'nsubj'),
                          ('vrouw', 'nmod'),
                          ('man', 'ROOT'),
                          ('man', 'nsubj'),
                          ('man', 'nsubj'),
                          ('vrouw', 'nsubj')],
    ('auto', 'amod'): [('man', 'obl'), ('man', 'nsubj'), ('vrouw', 'obj')],
    ('auto', 'appos'): [   ('vrouw', 'obj'),
                           ('man', 'nsubj'),
                           ('vrouw', 'compound'),
                           ('vrouw', 'nsubj'),
                           ('vrouw', 'nsubj')],
    ('auto', 'compound'): [('fietser', 'amod'), ('fietser', 'obl')],
    ('auto', 'compound:prt'): [('vrouw', 'nsubj'), ('man', 'obl')],
    ('auto', 'dep'): [   ('man', 'ROOT'),
                         ('man', 'ROOT'),
                         ('man', 'ROOT'),
                         ('vrouw', 'nsubj')],
    ('auto', 'iobj'): [('vrouw', 'nsubj')],
    ('auto', 'mark'): [   ('fietser', 'amod'),
                          ('man', 'ROOT'),
                          ('vrouw', 'nsubj')],
    ('auto', 'nmod'): [   ('man', 'nsubj'),
                          ('fietser', 'obl'),
                          ('fietser', 'nsubj'),
                          ('vrouw', 'obl'),
                          ('fietser', 'obl'),
                          ('man', 'nsubj'),
                          ('fietser', 'obl'),
                          ('fietser', 'obl'),
                          ('fietser', 'amod'),
                          ('man', 'ROOT'),
                          ('fietser', 'amod'),
                          ('fietser', 'amod'),
                          ('man', 'nmod'),
                          ('vrouw', 'nsubj'),
                          ('man', 'obl'),
                          ('man', 'obj'),
                          ('fietser', 'obl'),
                          ('man', 'nsubj'),
                          ('man', 'nsubj'),
                          ('vrouw', 'nsubj'),
                          ('man', 'nmod'),
                          ('man', 'nsubj'),
                          ('man', 'ROOT'),
                          ('man', 'nmod'),
                          ('vrouw', 'nsubj'),
                          ('man', 'nsubj'),
                          ('vrouw', 'nsubj'),
                          ('man', 'nsubj'),
                          ('vrouw', 'nsubj'),
                          ('vrouw', 'nmod'),
                          ('vrouw', 'nmod'),
                          ('vrouw', 'nsubj'),
                          ('fietser', 'obl'),
                          ('man', 'nsubj'),
                          ('man', 'nsubj'),
                          ('fietser', 'obl'),
                          ('vrouw', 'ROOT'),
                          ('fietser', 'obl'),
                          ('fietser', 'obl'),
                          ('man', 'nsubj'),
                          ('vrouw', 'nsubj'),
                          ('man', 'obl'),
                          ('man', 'obl'),
                          ('fietser', 'nsubj'),
                          ('vrouw', 'nsubj'),
                          ('vrouw', 'nmod'),
                          ('man', 'nsubj'),
                          ('vrouw', 'obl'),
                          ('vrouw', 'nsubj'),
                          ('vrouw', 'nsubj'),
                          ('man', 'nsubj'),
                          ('man', 'nsubj'),
                          ('vrouw', 'nmod'),
                          ('man', 'obl'),
                          ('man', 'ROOT'),
                          ('vrouw', 'nsubj'),
                          ('man', 'dep'),
                          ('man', 'nsubj'),
                          ('man', 'nsubj'),
                          ('man', 'nsubj'),
                          ('man', 'compound'),
                          ('vrouw', 'obl'),
                          ('man', 'obl'),
                          ('fietser', 'obl'),
                          ('fietser', 'obl'),
                          ('fietser', 'amod'),
                          ('vrouw', 'nsubj'),
                          ('vrouw', 'nsubj'),
                          ('fietser', 'obl'),
                          ('fietser', 'nsubj'),
                          ('fietser', 'obl'),
                          ('man', 'ROOT'),
                          ('vrouw', 'obj'),
                          ('vrouw', 'nsubj'),
                          ('fietser', 'obl'),
                          ('vrouw', 'nsubj'),
                          ('vrouw', 'appos'),
                          ('vrouw', 'nsubj'),
                          ('fietser', 'obl'),
                          ('fietser', 'obl'),
                          ('fietser', 'obj'),
                          ('man', 'ROOT'),
                          ('fietser', 'obl'),
                          ('man', 'ROOT'),
                          ('man', 'nsubj'),
                          ('vrouw', 'nsubj'),
                          ('vrouw', 'nsubj')],
    ('auto', 'nsubj'): [   ('vrouw', 'nsubj'),
                           ('vrouw', 'nsubj'),
                           ('vrouw', 'nsubj'),
                           ('vrouw', 'obl'),
                           ('fietser', 'appos'),
                           ('vrouw', 'nsubj'),
                           ('fietser', 'obl'),
                           ('man', 'mark'),
                           ('vrouw', 'obj'),
                           ('vrouw', 'appos'),
                           ('vrouw', 'nsubj'),
                           ('fietser', 'obj'),
                           ('fietser', 'obj'),
                           ('vrouw', 'nsubj'),
                           ('fietser', 'obj'),
                           ('vrouw', 'compound'),
                           ('man', 'nsubj'),
                           ('fietser', 'obj'),
                           ('man', 'nsubj'),
                           ('vrouw', 'nsubj'),
                           ('man', 'nsubj'),
                           ('vrouw', 'nsubj'),
                           ('vrouw', 'nsubj'),
                           ('vrouw', 'nsubj'),
                           ('fietser', 'obj'),
                           ('vrouw', 'nsubj'),
                           ('man', 'nsubj'),
                           ('vrouw', 'nsubj'),
                           ('man', 'nsubj'),
                           ('man', 'nsubj'),
                           ('vrouw', 'nsubj'),
                           ('fietser', 'compound'),
                           ('vrouw', 'nsubj'),
                           ('man', 'nmod'),
                           ('vrouw', 'nsubj'),
                           ('vrouw', 'ROOT'),
                           ('vrouw', 'obj'),
                           ('man', 'ROOT'),
                           ('vrouw', 'obl'),
                           ('man', 'nsubj'),
                           ('man', 'nsubj'),
                           ('man', 'nmod'),
                           ('man', 'ROOT'),
                           ('man', 'nsubj'),
                           ('man', 'nsubj'),
                           ('fietser', 'appos'),
                           ('fietser', 'nmod'),
                           ('fietser', 'obj'),
                           ('man', 'obl'),
                           ('man', 'nsubj'),
                           ('man', 'nsubj'),
                           ('vrouw', 'nmod'),
                           ('fietser', 'obl'),
                           ('vrouw', 'ROOT'),
                           ('vrouw', 'nsubj'),
                           ('vrouw', 'nsubj'),
                           ('man', 'nsubj'),
                           ('vrouw', 'appos'),
                           ('man', 'nsubj'),
                           ('vrouw', 'nmod'),
                           ('vrouw', 'ROOT'),
                           ('man', 'nsubj'),
                           ('man', 'nsubj'),
                           ('man', 'nsubj'),
                           ('man', 'obl'),
                           ('man', 'nsubj'),
                           ('man', 'nmod'),
                           ('vrouw', 'appos'),
                           ('vrouw', 'nmod'),
                           ('vrouw', 'nsubj'),
                           ('man', 'nmod'),
                           ('vrouw', 'nsubj'),
                           ('man', 'ROOT'),
                           ('fietser', 'obj'),
                           ('man', 'nsubj'),
                           ('man', 'nsubj'),
                           ('fietser', 'obj'),
                           ('vrouw', 'appos'),
                           ('man', 'nsubj'),
                           ('vrouw', 'appos'),
                           ('vrouw', 'nmod'),
                           ('vrouw', 'nsubj'),
                           ('vrouw', 'nmod'),
                           ('fietser', 'nsubj'),
                           ('fietser', 'obl'),
                           ('fietser', 'obl'),
                           ('fietser', 'nsubj'),
                           ('fietser', 'obl'),
                           ('man', 'nsubj'),
                           ('fietser', 'obj'),
                           ('fietser', 'obl'),
                           ('fietser', 'obj'),
                           ('fietser', 'obj'),
                           ('vrouw', 'nsubj'),
                           ('vrouw', 'nsubj'),
                           ('fietser', 'obj'),
                           ('fietser', 'obl'),
                           ('vrouw', 'obl'),
                           ('vrouw', 'nmod'),
                           ('vrouw', 'nmod'),
                           ('vrouw', 'nsubj'),
                           ('man', 'nmod'),
                           ('fietser', 'nsubj'),
                           ('fietser', 'obl'),
                           ('vrouw', 'nsubj'),
                           ('fietser', 'nsubj'),
                           ('man', 'nmod'),
                           ('vrouw', 'nmod'),
                           ('vrouw', 'nmod'),
                           ('vrouw', 'obj'),
                           ('vrouw', 'nsubj'),
                           ('fietser', 'obl'),
                           ('vrouw', 'nsubj'),
                           ('man', 'obl'),
                           ('vrouw', 'nsubj'),
                           ('vrouw', 'ROOT'),
                           ('man', 'nsubj'),
                           ('fietser', 'obl'),
                           ('man', 'nsubj'),
                           ('man', 'ROOT'),
                           ('vrouw', 'nsubj'),
                           ('fietser', 'obj'),
                           ('vrouw', 'nsubj'),
                           ('vrouw', 'nsubj'),
                           ('vrouw', 'appos'),
                           ('vrouw', 'appos'),
                           ('vrouw', 'appos'),
                           ('man', 'nsubj'),
                           ('vrouw', 'obl'),
                           ('vrouw', 'nsubj'),
                           ('fietser', 'obl'),
                           ('fietser', 'obj'),
                           ('man', 'obl'),
                           ('fietser', 'nsubj'),
                           ('vrouw', 'obj'),
                           ('vrouw', 'obj'),
                           ('vrouw', 'ROOT'),
                           ('vrouw', 'nsubj'),
                           ('vrouw', 'ROOT'),
                           ('man', 'nmod'),
                           ('man', 'obl'),
                           ('man', 'nsubj'),
                           ('man', 'nsubj'),
                           ('man', 'nsubj'),
                           ('fietser', 'obj')],
    ('auto', 'obj'): [   ('vrouw', 'nsubj'),
                         ('vrouw', 'nsubj'),
                         ('vrouw', 'nsubj'),
                         ('vrouw', 'compound'),
                         ('vrouw', 'nsubj'),
                         ('man', 'nsubj'),
                         ('fietser', 'obl'),
                         ('fietser', 'obl'),
                         ('man', 'obj'),
                         ('vrouw', 'nsubj'),
                         ('man', 'nsubj'),
                         ('fietser', 'nummod'),
                         ('man', 'obl'),
                         ('vrouw', 'nsubj'),
                         ('fietser', 'obl'),
                         ('man', 'nsubj'),
                         ('fietser', 'obl'),
                         ('vrouw', 'nsubj'),
                         ('man', 'nsubj'),
                         ('man', 'ROOT'),
                         ('man', 'conj'),
                         ('man', 'nsubj'),
                         ('fietser', 'compound'),
                         ('vrouw', 'nsubj'),
                         ('vrouw', 'nsubj'),
                         ('man', 'nsubj'),
                         ('man', 'obj'),
                         ('man', 'obl'),
                         ('fietser', 'nsubj'),
                         ('fietser', 'obj'),
                         ('vrouw', 'nsubj'),
                         ('man', 'compound'),
                         ('vrouw', 'appos'),
                         ('vrouw', 'nsubj'),
                         ('man', 'nsubj'),
                         ('vrouw', 'nsubj'),
                         ('vrouw', 'obj'),
                         ('vrouw', 'nsubj'),
                         ('vrouw', 'compound'),
                         ('vrouw', 'obl'),
                         ('man', 'nsubj'),
                         ('man', 'appos'),
                         ('vrouw', 'nsubj'),
                         ('man', 'obl'),
                         ('vrouw', 'appos'),
                         ('fietser', 'obj'),
                         ('vrouw', 'nsubj'),
                         ('man', 'nsubj'),
                         ('vrouw', 'nsubj'),
                         ('fietser', 'nsubj'),
                         ('fietser', 'nsubj'),
                         ('fietser', 'nsubj'),
                         ('man', 'nsubj'),
                         ('man', 'nsubj'),
                         ('man', 'nsubj'),
                         ('vrouw', 'nmod'),
                         ('man', 'ROOT'),
                         ('man', 'obl'),
                         ('man', 'nsubj'),
                         ('man', 'nmod'),
                         ('vrouw', 'obj'),
                         ('vrouw', 'nsubj'),
                         ('fietser', 'ROOT'),
                         ('vrouw', 'nsubj'),
                         ('fietser', 'obj'),
                         ('man', 'nsubj'),
                         ('man', 'nsubj'),
                         ('vrouw', 'nsubj'),
                         ('fietser', 'nsubj'),
                         ('fietser', 'nsubj'),
                         ('man', 'nsubj'),
                         ('man', 'nsubj'),
                         ('vrouw', 'nsubj'),
                         ('vrouw', 'ROOT'),
                         ('vrouw', 'nsubj')],
    ('auto', 'obl'): [   ('man', 'nmod'),
                         ('man', 'nsubj'),
                         ('fietser', 'nsubj'),
                         ('fietser', 'obl'),
                         ('man', 'obl'),
                         ('vrouw', 'nsubj'),
                         ('vrouw', 'nsubj'),
                         ('fietser', 'obj'),
                         ('man', 'nmod'),
                         ('man', 'nsubj'),
                         ('man', 'obl'),
                         ('vrouw', 'compound'),
                         ('vrouw', 'nsubj'),
                         ('man', 'ROOT'),
                         ('vrouw', 'nsubj'),
                         ('vrouw', 'obj'),
                         ('vrouw', 'nsubj'),
                         ('vrouw', 'nsubj'),
                         ('man', 'ROOT'),
                         ('man', 'nsubj'),
                         ('man', 'nsubj'),
                         ('man', 'obl'),
                         ('man', 'obl'),
                         ('man', 'nsubj'),
                         ('vrouw', 'nsubj'),
                         ('vrouw', 'nsubj'),
                         ('man', 'obl'),
                         ('man', 'nsubj'),
                         ('man', 'nsubj'),
                         ('man', 'nsubj'),
                         ('vrouw', 'nsubj'),
                         ('vrouw', 'appos'),
                         ('man', 'nsubj'),
                         ('man', 'nsubj'),
                         ('man', 'nsubj'),
                         ('man', 'nsubj'),
                         ('man', 'ROOT'),
                         ('man', 'ROOT'),
                         ('vrouw', 'nsubj'),
                         ('man', 'ROOT'),
                         ('man', 'nsubj'),
                         ('man', 'ROOT'),
                         ('man', 'nsubj'),
                         ('vrouw', 'nsubj'),
                         ('fietser', 'obj'),
                         ('man', 'ROOT'),
                         ('vrouw', 'obj'),
                         ('man', 'nsubj'),
                         ('fietser', 'obj'),
                         ('man', 'nsubj'),
                         ('vrouw', 'nsubj'),
                         ('man', 'nsubj'),
                         ('fietser', 'obl'),
                         ('man', 'nmod'),
                         ('fietser', 'nsubj'),
                         ('vrouw', 'nsubj'),
                         ('vrouw', 'nsubj'),
                         ('vrouw', 'nsubj'),
                         ('fietser', 'amod'),
                         ('fietser', 'nsubj'),
                         ('vrouw', 'nsubj'),
                         ('fietser', 'obl'),
                         ('vrouw', 'nmod'),
                         ('vrouw', 'nmod'),
                         ('fietser', 'obl'),
                         ('fietser', 'obl'),
                         ('man', 'nsubj'),
                         ('man', 'nsubj'),
                         ('vrouw', 'nmod'),
                         ('man', 'nsubj'),
                         ('fietser', 'obl'),
                         ('fietser', 'obl'),
                         ('fietser', 'obl'),
                         ('vrouw', 'nsubj'),
                         ('man', 'nsubj'),
                         ('man', 'nsubj'),
                         ('man', 'nmod'),
                         ('vrouw', 'nsubj'),
                         ('man', 'nsubj'),
                         ('man', 'ROOT')]}
