Total number of articles: 0
Total number of unique articles: 2457
Diversity of article formats in HTML:
[]
************ Most common words in text feature **********************
                $   CC    CD   DT   EX    FW     IN      JJ   JJR  JJS    MD      NN    NNP    NNS  PDT  PRP  PRP$     RB   RBR  RBS   RP   TO   UH    VB    VBD     VBG    VBN    VBP    VBZ  WDT   WP  WRB     sum
auto          0.0  0.0   0.0  0.0  0.0   0.0    0.0     0.0   0.0  0.0   0.0  2537.0    0.0    0.0  0.0  0.0   0.0    0.0   0.0  0.0  0.0  0.0  0.0   0.0    0.0     0.0    0.0    0.0    0.0  0.0  0.0  0.0  2537.0
ongeval       0.0  0.0   0.0  0.0  0.0   0.0    0.0  1510.0   0.0  0.0   0.0   729.0    0.0    0.0  0.0  0.0   0.0    0.0   0.0  0.0  0.0  0.0  0.0   0.0    2.0     0.0    0.0   81.0    0.0  0.0  0.0  0.0  2322.0
politie       0.0  0.0   0.0  0.0  0.0   2.0    2.0   357.0   0.0  0.0   0.0  1018.0    0.0    4.0  0.0  0.0   0.0    1.0   0.0  0.0  0.0  0.0  0.0   2.0    1.0     0.0    0.0  183.0    3.0  0.0  0.0  0.0  1573.0
ongeluk       3.0  0.0   1.0  0.0  0.0   4.0  117.0   438.0   0.0  0.0  19.0   769.0    0.0    5.0  0.0  4.0   0.0   29.0   0.0  0.0  4.0  0.0  0.0   1.0   12.0     0.0    0.0  122.0    7.0  0.0  0.0  0.0  1535.0
botsing       0.0  0.0   0.0  0.0  0.0   0.0    0.0     4.0   0.0  0.0   0.0   139.0    0.0    0.0  0.0  0.0   0.0    0.0   0.0  0.0  0.0  0.0  0.0   1.0    0.0  1353.0    0.0    0.0    0.0  0.0  0.0  0.0  1497.0
aanrijding    0.0  0.0   0.0  0.0  0.0   0.0    0.0     1.0   0.0  0.0   0.0     3.0    0.0    0.0  0.0  0.0   0.0    0.0   0.0  0.0  0.0  0.0  0.0   0.0    0.0  1406.0    0.0    0.0    0.0  0.0  0.0  0.0  1410.0
twee          0.0  0.0   0.0  0.0  0.0   0.0    0.0   398.0   0.0  0.0   0.0   915.0    0.0    7.0  0.0  0.0   0.0    7.0   0.0  0.0  1.0  0.0  0.0   3.0    4.0     0.0    0.0   60.0    7.0  0.0  0.0  0.0  1402.0
uur           0.0  0.0   0.0  0.0  0.0   0.0    1.0  1175.0   0.0  0.0   0.0    25.0    0.0    0.0  0.0  0.0   0.0    0.0   0.0  0.0  0.0  0.0  0.0   0.0    0.0     0.0    0.0    7.0    0.0  0.0  0.0  0.0  1208.0
man           0.0  0.0   0.0  0.0  0.0   0.0    0.0     0.0   0.0  0.0   0.0  1169.0    0.0    0.0  0.0  0.0   0.0    0.0   0.0  0.0  0.0  0.0  0.0   0.0    0.0     0.0    0.0    0.0    0.0  0.0  0.0  0.0  1169.0
gewond        0.0  0.0   0.0  0.0  0.0   0.0    0.0    30.0   0.0  0.0   0.0  1033.0    0.0    0.0  0.0  0.0   0.0    0.0   0.0  0.0  0.0  0.0  0.0   2.0    0.0     0.0    0.0   36.0    0.0  0.0  0.0  0.0  1101.0
ziekenhuis    0.0  0.0  54.0  0.0  0.0   2.0    0.0    10.0   0.0  0.0   0.0   494.0  359.0    1.0  0.0  0.0   0.0    0.0   0.0  0.0  0.0  0.0  0.0   0.0    3.0     0.0    0.0   42.0    1.0  0.0  0.0  0.0   966.0
vrouw         0.0  0.0   0.0  0.0  0.0  18.0    2.0   155.0   0.0  0.0   0.0   619.0    0.0   25.0  0.0  0.0   0.0    2.0   0.0  0.0  0.0  0.0  0.0   0.0    6.0     0.0    0.0   38.0    5.0  0.0  0.0  0.0   870.0
kwam          1.0  0.0   0.0  0.0  0.0  36.0    0.0   116.0   0.0  0.0   0.0   506.0    4.0   38.0  0.0  0.0   0.0    0.0   0.0  0.0  0.0  0.0  0.0  16.0   79.0     0.0    2.0   34.0   16.0  0.0  0.0  0.0   848.0
tussen        1.0  0.0   0.0  0.0  0.0   0.0    9.0   261.0   0.0  0.0   0.0   422.0    0.0    5.0  0.0  0.0   0.0   10.0   0.0  0.0  1.0  0.0  0.0   5.0   17.0     0.0   48.0   49.0    3.0  0.0  0.0  0.0   831.0
geschept      0.0  0.0   0.0  0.0  0.0   1.0    0.0   291.0   0.0  0.0   0.0   180.0    0.0    2.0  0.0  0.0   0.0    0.0   0.0  0.0  0.0  0.0  0.0   0.0  287.0     0.0    0.0   39.0    0.0  0.0  0.0  0.0   800.0
weg           0.0  0.0   0.0  0.0  0.0   0.0    3.0   131.0   0.0  0.0   0.0   534.0    0.0   11.0  0.0  0.0   0.0    1.0   0.0  0.0  0.0  0.0  0.0   0.0   18.0     0.0    0.0   83.0    4.0  0.0  0.0  9.0   794.0
aangereden    0.0  0.0   0.0  0.0  0.0   0.0   11.0   595.0   0.0  0.0   0.0   102.0    0.0    0.0  0.0  0.0   0.0    4.0   0.0  0.0  3.0  0.0  0.0   1.0    0.0     0.0    0.0   47.0   20.0  0.0  0.0  0.0   783.0
rond          0.0  0.0   0.0  0.0  0.0   0.0    0.0    10.0   0.0  0.0   0.0   727.0    0.0    0.0  0.0  0.0   0.0    0.0   0.0  0.0  0.0  0.0  0.0   1.0    0.0     0.0    0.0   35.0    0.0  0.0  0.0  0.0   773.0
geraakt       0.0  0.0   0.0  0.0  0.0   0.0    0.0    78.0   0.0  0.0   0.0   627.0    0.0    7.0  0.0  0.0   0.0    0.0   0.0  0.0  0.0  0.0  0.0   0.0    3.0     0.0    0.0    9.0    0.0  0.0  0.0  0.0   724.0
raakte        0.0  0.0   0.0  0.0  0.0   1.0    0.0    93.0   0.0  0.0   0.0   551.0    0.0    0.0  0.0  0.0   0.0    0.0   0.0  0.0  0.0  0.0  0.0   7.0    4.0     0.0    0.0   31.0   21.0  0.0  0.0  0.0   708.0
gebeurde      0.0  0.0   0.0  0.0  0.0   0.0    0.0   107.0   0.0  0.0   0.0   562.0    0.0    3.0  0.0  0.0   0.0    1.0   0.0  0.0  0.0  0.0  0.0   0.0   19.0     0.0    0.0   12.0    0.0  0.0  0.0  0.0   704.0
ter           0.0  0.0   0.0  0.0  0.0   0.0    0.0    16.0   1.0  0.0   0.0   641.0    0.0    0.0  0.0  0.0   0.0    6.0   0.0  0.0  0.0  0.0  0.0   0.0    0.0     0.0    0.0   37.0    0.0  0.0  0.0  0.0   701.0
richting      0.0  0.0   0.0  0.0  0.0   0.0    0.0     0.0   0.0  0.0   0.0    10.0    0.0    0.0  0.0  0.0   0.0    0.0   0.0  0.0  0.0  0.0  0.0   0.0    0.0   676.0    0.0    0.0    0.0  0.0  0.0  0.0   686.0
bestuurder    0.0  0.0   0.0  0.0  0.0   0.0    0.0    17.0  14.0  0.0   0.0   588.0    0.0    0.0  0.0  0.0   0.0    0.0   0.0  0.0  0.0  0.0  0.0   4.0    0.0     0.0    0.0   25.0    0.0  0.0  0.0  0.0   648.0
reed          0.0  0.0   0.0  0.0  0.0   1.0    0.0    19.0   0.0  0.0   0.0   221.0    0.0    0.0  0.0  0.0   0.0    0.0   0.0  0.0  0.0  0.0  0.0  26.0  184.0     0.0   49.0  129.0    0.0  0.0  0.0  0.0   629.0
volgens       0.0  0.0   0.0  0.0  0.0   0.0    1.0     0.0   0.0  0.0   0.0     0.0    0.0  515.0  0.0  0.0   0.0    0.0   0.0  0.0  0.0  0.0  0.0   0.0    0.0     0.0    0.0    5.0  107.0  0.0  0.0  0.0   628.0
automobilist  0.0  0.0   0.0  0.0  0.0   0.0    0.0   154.0   0.0  0.0   0.0   426.0    0.0    0.0  0.0  0.0   0.0    0.0   0.0  0.0  0.0  0.0  0.0   1.0    0.0     0.0    0.0   45.0    0.0  0.0  0.0  0.0   626.0
fietser       0.0  0.0   0.0  0.0  0.0   0.0    0.0     8.0  85.0  0.0   0.0   391.0    0.0    0.0  0.0  0.0   0.0   17.0  20.0  0.0  0.0  0.0  0.0   0.0    6.0     0.0    0.0   20.0    1.0  0.0  0.0  0.0   548.0
slachtoffer   0.0  0.0   0.0  0.0  0.0   0.0    0.0     0.0   2.0  0.0   0.0   271.0    0.0    0.0  0.0  0.0   0.0    0.0   0.0  0.0  0.0  0.0  0.0   2.0    1.0     0.0    0.0  247.0    0.0  0.0  0.0  0.0   523.0
betrokken     0.0  1.0   0.0  0.0  0.0   1.0   20.0    96.0   0.0  0.0   0.0    80.0    0.0    3.0  0.0  0.0   0.0    0.0   0.0  0.0  0.0  0.0  0.0   2.0   34.0     0.0  226.0   26.0    3.0  0.0  0.0  0.0   492.0
jaar          0.0  0.0   0.0  0.0  0.0   0.0    0.0    22.0   0.0  0.0   0.0   453.0    0.0    6.0  0.0  0.0   0.0    0.0   0.0  0.0  0.0  0.0  0.0   0.0    0.0     0.0    0.0    5.0    0.0  0.0  0.0  0.0   486.0
drie          0.0  0.0   0.0  0.0  0.0   0.0    0.0   122.0   0.0  0.0   0.0   312.0    0.0    1.0  0.0  0.0   0.0    1.0   0.0  0.0  0.0  0.0  0.0   1.0    0.0     0.0    0.0   27.0   12.0  0.0  0.0  0.0   476.0
leven         0.0  0.0   0.0  0.0  0.0   0.0    0.0   220.0   0.0  0.0   0.0     7.0    0.0    0.0  0.0  0.0   0.0  194.0   0.0  0.0  0.0  0.0  0.0   0.0    0.0     0.0   24.0   10.0   20.0  0.0  0.0  0.0   475.0
onderzoek     0.0  0.0   0.0  0.0  0.0   2.0   53.0   107.0   0.0  0.0   2.0   255.0    0.0    0.0  0.0  2.0   0.0    3.0   0.0  0.0  3.0  0.0  0.0   0.0    5.0     0.0    0.0   25.0    3.0  0.0  0.0  0.0   460.0
mensen        0.0  0.0   2.0  0.0  0.0  27.0    0.0    25.0   0.0  0.0   3.0   162.0    0.0   45.0  0.0  0.0   0.0    9.0   0.0  0.0  0.0  0.0  0.0   0.0   32.0     0.0  101.0   12.0    0.0  0.0  0.0  0.0   418.0
gebracht      0.0  0.0   0.0  0.0  0.0   2.0    0.0    22.0   0.0  0.0   0.0   381.0    0.0    1.0  0.0  0.0   0.0    0.0   0.0  0.0  0.0  0.0  0.0   0.0    2.0     0.0    0.0    4.0    2.0  0.0  0.0  0.0   414.0
plaats        0.0  0.0   0.0  0.0  0.0   0.0    0.0     2.0   0.0  0.0   0.0     0.0    0.0  396.0  0.0  0.0   0.0    0.0   0.0  0.0  0.0  0.0  0.0   0.0    0.0     0.0    0.0    1.0    4.0  0.0  0.0  0.0   403.0
verkeer       1.0  0.0   1.0  0.0  0.0   2.0    0.0     5.0   0.0  0.0   0.0   310.0    0.0    0.0  0.0  0.0   0.0    0.0   0.0  0.0  0.0  0.0  0.0   6.0    2.0     0.0    0.0   69.0    2.0  0.0  0.0  0.0   398.0
weer          0.0  0.0   0.0  0.0  0.0   0.0    0.0     9.0   1.0  0.0   0.0   309.0    0.0    0.0  0.0  0.0   0.0    0.0   0.0  0.0  0.0  0.0  0.0   7.0    7.0     0.0    0.0   58.0    0.0  0.0  4.0  0.0   395.0
wel           0.0  0.0   0.0  0.0  0.0   1.0    0.0    27.0   0.0  0.0   0.0   320.0    0.0    2.0  0.0  0.0   0.0    1.0   0.0  0.0  0.0  0.0  0.0   1.0    6.0     0.0    0.0   34.0    2.0  0.0  0.0  1.0   395.0
hoogte        0.0  0.0   0.0  0.0  0.0   0.0    0.0    18.0   0.0  0.0   0.0   349.0    0.0    1.0  0.0  0.0   0.0    0.0   0.0  0.0  0.0  0.0  0.0   0.0   15.0     0.0    0.0    4.0    0.0  0.0  0.0  0.0   387.0
afgesloten    0.0  0.0   0.0  0.0  0.0   0.0   15.0   151.0   0.0  0.0   0.0    30.0    0.0   40.0  0.0  0.0   0.0   20.0   0.0  0.0  1.0  0.0  0.0   0.0    5.0     0.0    2.0  118.0    2.0  0.0  0.0  0.0   384.0
den           0.0  0.0   0.0  0.0  0.0   0.0    0.0   225.0   0.0  0.0   0.0   136.0    0.0    0.0  0.0  0.0   0.0    0.0   0.0  0.0  0.0  0.0  0.0   1.0    0.0     0.0    0.0    8.0    7.0  0.0  0.0  0.0   377.0
n             0.0  0.0   0.0  0.0  0.0   1.0    4.0   119.0   0.0  0.0   1.0   218.0    0.0    1.0  0.0  0.0   0.0   20.0   0.0  0.0  0.0  0.0  0.0   0.0    0.0     0.0    0.0    5.0    3.0  0.0  0.0  0.0   372.0
gekomen       0.0  0.0   0.0  0.0  0.0   0.0    0.0     8.0   0.0  0.0   0.0     0.0    0.0  352.0  0.0  0.0   0.0    0.0   0.0  0.0  0.0  0.0  0.0   0.0    0.0     0.0    0.0    0.0    0.0  0.0  0.0  0.0   360.0
werden        0.0  0.0   0.0  0.0  0.0   0.0    2.0   190.0   0.0  0.0   0.0    96.0    0.0    0.0  0.0  0.0   0.0    0.0   0.0  0.0  0.0  0.0  0.0   2.0    4.0     0.0    0.0   51.0    3.0  0.0  1.0  0.0   349.0
kruising      0.0  0.0   0.0  0.0  0.0   0.0    0.0     0.0   0.0  0.0   0.0    11.0    0.0    0.0  0.0  0.0   0.0    0.0   0.0  0.0  0.0  0.0  0.0   0.0    0.0   323.0    0.0    0.0    0.0  0.0  0.0  0.0   334.0
bekend        0.0  0.0   0.0  0.0  0.0   0.0    0.0    17.0   0.0  0.0   0.0   206.0    0.0    0.0  0.0  0.0   0.0    1.0   0.0  0.0  0.0  0.0  0.0   4.0    0.0     0.0    0.0   97.0    0.0  0.0  0.0  0.0   325.0
vrachtwagen   0.0  0.0   0.0  0.0  0.0   0.0    0.0     5.0   0.0  0.0   0.0   303.0    0.0    0.0  0.0  0.0   0.0    0.0   0.0  0.0  0.0  0.0  0.0   0.0    0.0     0.0    0.0   16.0    0.0  0.0  0.0  0.0   324.0
elkaar        0.0  1.0   0.0  0.0  0.0   2.0    0.0    61.0   0.0  0.0   0.0   190.0    0.0    0.0  0.0  0.0   0.0    5.0   0.0  0.0  0.0  0.0  0.0   0.0    2.0     0.0    0.0   49.0    8.0  0.0  0.0  0.0   318.0

************ Sum of objects and person in feature **********************
auto: 2537.0
fietser: 548.0
man: 1169.0
vrouw: 870.0
fietsster: 157.0
voetganger: 93.0
************ Most common words in title feature **********************
                $   CC    CD   DT   FW   IN     JJ   JJR  JJS    MD     NN  NNP  NNS  PRP    RB   RBR  RBS   RP   VB   VBD    VBG  VBN   VBP   VBZ  WRB    sum
ongeval       0.0  0.0   0.0  0.0  0.0  0.0  116.0   0.0  0.0   0.0  331.0  0.0  0.0  0.0   0.0   0.0  0.0  0.0  3.0   0.0    0.0  0.0  17.0   0.0  0.0  467.0
aanrijding    0.0  0.0   0.0  0.0  0.0  0.0    0.0   0.0  0.0   0.0   44.0  0.0  0.0  0.0   0.0   0.0  0.0  0.0  0.0   0.0  385.0  0.0   0.0   0.0  0.0  429.0
botsing       0.0  0.0   0.0  0.0  0.0  0.0    0.0   0.0  0.0   0.0  165.0  0.0  0.0  0.0   0.0   0.0  0.0  0.0  4.0   0.0  230.0  0.0   0.0   0.0  0.0  399.0
ongeluk       0.0  0.0   0.0  0.0  0.0  7.0   43.0   0.0  0.0  13.0  207.0  0.0  8.0  4.0   5.0   0.0  0.0  1.0  2.0   2.0    0.0  0.0  15.0   3.0  0.0  310.0
auto          0.0  0.0   0.0  0.0  0.0  0.0    0.0   0.0  0.0   0.0  288.0  0.0  0.0  0.0   0.0   0.0  0.0  0.0  0.0   0.0    0.0  0.0   0.0   0.0  0.0  288.0
aangereden    0.0  0.0   0.0  0.0  0.0  0.0  115.0   0.0  0.0   0.0   99.0  0.0  2.0  0.0   1.0   0.0  0.0  0.0  4.0   0.0    0.0  0.0  19.0   6.0  0.0  246.0
gewond        0.0  0.0   0.0  0.0  0.0  0.0    2.0   0.0  0.0   0.0  198.0  0.0  0.0  0.0   0.0   0.0  0.0  0.0  1.0   0.0    0.0  0.0  11.0   0.0  0.0  212.0
fietser       0.0  0.0   0.0  0.0  0.0  0.0    1.0   8.0  0.0   0.0  145.0  0.0  0.0  0.0   5.0  12.0  0.0  0.0  0.0   1.0    0.0  0.0   2.0   1.0  0.0  175.0
twee          0.0  0.0   1.0  0.0  0.0  0.0   27.0   0.0  0.0   0.0  132.0  0.0  2.0  0.0   2.0   0.0  0.0  0.0  1.0   2.0    0.0  0.0   2.0   0.0  0.0  169.0
gewonden      0.0  0.0   0.0  0.0  0.0  0.0   60.0   0.0  0.0   0.0   89.0  0.0  0.0  0.0   0.0   0.0  0.0  0.0  0.0   0.0    0.0  0.0   1.0   0.0  0.0  150.0
geschept      0.0  0.0   0.0  0.0  0.0  0.0   39.0   0.0  0.0   0.0   47.0  0.0  2.0  0.0   0.0   0.0  0.0  0.0  0.0  24.0    0.0  0.0   3.0   0.0  0.0  115.0
man           0.0  0.0   0.0  0.0  0.0  0.0    0.0   0.0  0.0   0.0  103.0  0.0  0.0  0.0   0.0   0.0  0.0  0.0  0.0   0.0    0.0  0.0   0.0   0.0  0.0  103.0
vrouw         0.0  0.0   0.0  0.0  0.0  0.0   25.0   0.0  0.0   0.0   68.0  0.0  0.0  0.0   1.0   0.0  0.0  0.0  0.0   1.0    0.0  0.0   0.0   0.0  0.0   95.0
dodelijk      0.0  0.0   0.0  0.0  0.0  0.0    4.0   0.0  0.0   0.0   80.0  0.0  2.0  0.0   0.0   0.0  0.0  0.0  0.0   0.0    0.0  0.0   6.0   3.0  0.0   95.0
overleden     0.0  0.0   0.0  0.0  0.0  1.0   37.0   0.0  0.0  14.0   25.0  0.0  0.0  0.0   0.0   0.0  0.0  0.0  0.0   0.0    0.0  0.0   7.0  10.0  0.0   94.0
dode          0.0  0.0   0.0  0.0  0.0  0.0    1.0   0.0  0.0   0.0   85.0  0.0  1.0  0.0   0.0   0.0  0.0  0.0  0.0   1.0    0.0  0.0   0.0   0.0  0.0   88.0
rijdt         0.0  0.0   0.0  0.0  0.0  0.0    0.0   0.0  0.0   0.0   65.0  0.0  2.0  0.0   0.0   0.0  0.0  0.0  0.0   0.0    0.0  0.0   2.0   8.0  0.0   77.0
2             0.0  0.0  76.0  0.0  0.0  0.0    0.0   0.0  0.0   0.0    0.0  0.0  0.0  0.0   0.0   0.0  0.0  0.0  0.0   0.0    0.0  0.0   0.0   0.0  0.0   76.0
tussen        0.0  0.0   0.0  0.0  0.0  1.0   27.0   0.0  0.0   0.0   39.0  0.0  1.0  1.0   0.0   0.0  0.0  0.0  1.0   2.0    0.0  0.0   1.0   1.0  0.0   74.0
doden         0.0  0.0   0.0  0.0  0.0  0.0   23.0   0.0  0.0   0.0   49.0  0.0  1.0  0.0   0.0   0.0  0.0  0.0  0.0   0.0    0.0  0.0   0.0   0.0  0.0   73.0
dicht         0.0  0.0   0.0  0.0  0.0  0.0    3.0   0.0  0.0   0.0   61.0  0.0  1.0  0.0   0.0   0.0  0.0  0.0  0.0   1.0    0.0  0.0   5.0   1.0  0.0   72.0
automobilist  0.0  0.0   0.0  0.0  0.0  0.0   18.0   0.0  0.0   0.0   50.0  0.0  0.0  0.0   0.0   0.0  0.0  0.0  0.0   0.0    0.0  0.0   2.0   0.0  0.0   70.0
fietsster     0.0  0.0   0.0  0.0  0.0  0.0    3.0   0.0  0.0   0.0   62.0  0.0  0.0  0.0   4.0   1.0  0.0  0.0  0.0   0.0    0.0  0.0   0.0   0.0  0.0   70.0
file          0.0  0.0   0.0  0.0  0.0  0.0    0.0   0.0  0.0   0.0   63.0  0.0  0.0  0.0   0.0   0.0  0.0  0.0  0.0   0.0    0.0  0.0   1.0   0.0  0.0   64.0
weer          0.0  0.0   0.0  0.0  0.0  0.0    0.0   0.0  0.0   0.0   51.0  0.0  0.0  0.0   0.0   0.0  0.0  0.0  0.0   0.0    0.0  0.0   8.0   0.0  1.0   60.0
drie          0.0  0.0   0.0  0.0  0.0  0.0   16.0   0.0  0.0   0.0   43.0  0.0  0.0  0.0   0.0   0.0  0.0  0.0  0.0   0.0    0.0  0.0   0.0   0.0  0.0   59.0
zwaargewond   0.0  0.0   0.0  0.0  0.0  0.0    0.0   0.0  0.0   0.0   52.0  0.0  0.0  0.0   0.0   0.0  0.0  0.0  0.0   0.0    0.0  0.0   1.0   0.0  0.0   53.0
frontale      0.0  0.0   0.0  0.0  0.0  0.0   19.0   0.0  0.0   0.0   32.0  0.0  0.0  0.0   0.0   0.0  0.0  0.0  1.0   0.0    0.0  0.0   0.0   0.0  0.0   52.0
ernstig       0.0  3.0   0.0  0.0  1.0  0.0    6.0   0.0  0.0   0.0   34.0  0.0  0.0  0.0   0.0   0.0  0.0  0.0  0.0   0.0    0.0  0.0   2.0   4.0  0.0   50.0
weg           0.0  0.0   0.0  0.0  0.0  0.0    9.0   0.0  0.0   0.0   32.0  0.0  2.0  0.0   0.0   0.0  0.0  0.0  0.0   0.0    0.0  0.0   3.0   0.0  2.0   48.0
politie       0.0  0.0   0.0  0.0  0.0  0.0    4.0   0.0  0.0   0.0   44.0  0.0  0.0  0.0   0.0   0.0  0.0  0.0  0.0   0.0    0.0  0.0   0.0   0.0  0.0   48.0
eindhoven     0.0  0.0   0.0  0.0  0.0  0.0    4.0   0.0  0.0   0.0    6.0  0.0  0.0  0.0  31.0   0.0  0.0  0.0  2.0   0.0    0.0  0.0   0.0   0.0  0.0   43.0
gewonde       0.0  0.0   0.0  0.0  0.0  0.0    1.0   0.0  0.0   0.0   39.0  0.0  3.0  0.0   0.0   0.0  0.0  0.0  0.0   0.0    0.0  0.0   0.0   0.0  0.0   43.0
bestuurder    0.0  0.0   0.0  0.0  0.0  0.0    1.0   2.0  0.0   0.0   38.0  0.0  0.0  0.0   0.0   0.0  0.0  0.0  0.0   0.0    0.0  0.0   1.0   0.0  0.0   42.0
meisje        0.0  0.0   0.0  0.0  0.0  0.0    2.0   0.0  0.0   0.0   35.0  0.0  3.0  0.0   0.0   0.0  0.0  0.0  0.0   1.0    0.0  0.0   1.0   0.0  0.0   42.0
ziekenhuis    0.0  0.0   7.0  0.0  0.0  0.0    0.0   0.0  0.0   0.0   30.0  4.0  0.0  0.0   0.0   0.0  0.0  0.0  0.0   0.0    0.0  0.0   0.0   0.0  0.0   41.0
dood          0.0  0.0   0.0  0.0  0.0  0.0    0.0   0.0  0.0   0.0   36.0  0.0  0.0  0.0   0.0   0.0  0.0  0.0  0.0   4.0    0.0  0.0   1.0   0.0  0.0   41.0
breda         0.0  0.0   0.0  0.0  0.0  0.0    2.0   0.0  0.0   0.0   33.0  0.0  1.0  0.0   0.0   0.0  0.0  0.0  0.0   0.0    0.0  0.0   5.0   0.0  0.0   41.0
komt          0.0  0.0   0.0  0.0  0.0  0.0    2.0   0.0  0.0   0.0   28.0  0.0  2.0  0.0   0.0   0.0  0.0  0.0  1.0   4.0    0.0  0.0   0.0   4.0  0.0   41.0
vier          0.0  0.0   0.0  0.0  0.0  0.0   10.0  17.0  0.0   0.0   14.0  0.0  0.0  0.0   0.0   0.0  0.0  0.0  0.0   0.0    0.0  0.0   0.0   0.0  0.0   41.0
voetganger    0.0  0.0   0.0  0.0  0.0  0.0    1.0   1.0  0.0   0.0   38.0  0.0  0.0  0.0   0.0   0.0  0.0  0.0  0.0   0.0    0.0  0.0   0.0   0.0  0.0   40.0
richting      0.0  0.0   0.0  0.0  0.0  0.0    0.0   0.0  0.0   0.0    1.0  0.0  0.0  0.0   0.0   0.0  0.0  0.0  0.0   0.0   37.0  0.0   0.0   0.0  0.0   38.0
vrachtwagen   0.0  0.0   0.0  0.0  0.0  0.0    0.0   0.0  0.0   0.0   38.0  0.0  0.0  0.0   0.0   0.0  0.0  0.0  0.0   0.0    0.0  0.0   0.0   0.0  0.0   38.0
motorrijder   0.0  0.0   0.0  0.0  0.0  0.0    0.0   1.0  0.0   0.0   36.0  0.0  0.0  0.0   0.0   0.0  0.0  0.0  0.0   0.0    0.0  0.0   0.0   0.0  0.0   37.0
afgesloten    0.0  0.0   0.0  0.0  0.0  0.0    7.0   0.0  0.0   0.0    9.0  0.0  9.0  0.0   3.0   0.0  0.0  0.0  0.0   1.0    0.0  0.0   5.0   2.0  0.0   36.0
zoekt         0.0  0.0   3.0  0.0  0.0  0.0    0.0   0.0  0.0   0.0   28.0  1.0  0.0  0.0   0.0   0.0  0.0  0.0  0.0   0.0    0.0  0.0   0.0   0.0  0.0   32.0
raakt         0.0  0.0   0.0  0.0  0.0  0.0    1.0   0.0  0.0   0.0   30.0  0.0  0.0  0.0   0.0   0.0  0.0  0.0  0.0   0.0    0.0  0.0   0.0   1.0  0.0   32.0
rotonde       0.0  0.0   0.0  0.0  0.0  0.0    0.0   0.0  0.0   0.0   30.0  0.0  0.0  0.0   0.0   0.0  0.0  0.0  2.0   0.0    0.0  0.0   0.0   0.0  0.0   32.0
jongen        0.0  0.0   0.0  0.0  0.0  0.0    0.0   0.0  0.0   0.0   31.0  0.0  0.0  0.0   0.0   0.0  0.0  0.0  0.0   0.0    0.0  0.0   0.0   0.0  0.0   31.0
trein         0.0  0.0   0.0  0.0  0.0  1.0    2.0   0.0  0.0   0.0   24.0  0.0  1.0  0.0   2.0   0.0  0.0  0.0  0.0   0.0    0.0  0.0   0.0   0.0  0.0   30.0

************ Sum of objects and person in feature **********************
auto: 288.0
fietser: 175.0
man: 103.0
vrouw: 95.0
fietsster: 70.0
voetganger: 40.0
************ Text dependencies all **********************
{   ('auto', 'NN'): Counter({   ('man', 'NN'): 166,
                                ('vrouw', 'NN'): 122,
                                ('fietser', 'NN'): 82,
                                ('fietsster', 'NN'): 32,
                                ('vrouw', 'JJ'): 28,
                                ('voetganger', 'NN'): 22,
                                ('fietser', 'JJR'): 19,
                                ('vrouw', 'VBP'): 9,
                                ('vrouw', 'NNS'): 8,
                                ('fietser', 'VBP'): 5,
                                ('fietser', 'JJ'): 4,
                                ('fietser', 'RB'): 3,
                                ('fietsster', 'RB'): 3,
                                ('vrouw', 'VBZ'): 3,
                                ('voetganger', 'JJ'): 2,
                                ('fietsster', 'JJ'): 2,
                                ('fietser', 'VBZ'): 1,
                                ('vrouw', 'FW'): 1,
                                ('voetganger', 'VBP'): 1,
                                ('fietser', 'RBR'): 1,
                                ('vrouw', 'VBD'): 1,
                                ('fietsster', 'RBR'): 1})}
